     seed   label θ  oracle θ      dθ  label s  oracle s     ds%  score
  1300236     3.142     3.123  -0.019   11.207    11.203  -0.036  0.342
  1300705    -4.779    -4.730   0.049   11.407    11.403  -0.038  0.778
  1301608    -2.448    -2.448  -0.000    9.346     9.347   0.016  0.955
  1301617    -2.305    -2.349  -0.044    8.081     8.074  -0.097  0.885
  1301740    -2.327    -4.119  -1.791    9.153     8.983  -1.852  0.091  FAIL
  1301885    -3.215    -3.217  -0.002   10.099    10.096  -0.030  0.626
  1302511     2.469     2.421  -0.048    8.059     8.063   0.047  0.891
  1302611    -1.353    -1.350   0.003    9.240     9.241   0.011  0.959
  1302683     6.953     6.994   0.041   10.471    10.470  -0.001  0.808
  1302769     4.993     5.012   0.019    9.478     9.476  -0.021  0.660
  1303053    -1.181    -1.117   0.064   10.689    10.680  -0.085  0.803
  1303313    -0.625    -0.651  -0.026    9.699     9.698  -0.014  0.894
  1303320    -2.264    -2.112   0.152   12.267    12.282   0.125  0.871  FAIL
  1303414     3.556     3.551  -0.005   10.391    10.398   0.065  0.897
  1303718     2.799     2.770  -0.028   10.173    10.180   0.062  0.472
  1303748    -5.265    -5.297  -0.031    8.916     8.913  -0.029  0.746

14/16 pairs within tolerance (theta 0.15 deg, scale 0.5%)
exit=1
